0
0 1 1
0 1 1 2 
0 1 1 2 3 
0 1 1 2 3 5 8 13 
0 1 1 2 3 5 8 13 21 34 55 89 
0 1 1 2 3 5 
0 1 1 2 3 5 8 
0 1 1 2 3 5 8 13 21 34 55
0 1 1 2 3 5 8 13 21 34 
0 1 1 2 3 5 8 13 21 34 55 89 144 233 377 610 987 1597 2584 4181 6765 10946 17711 28657 46368 
0 1 1 2 3 5 8 13 21 34 55 89 144 233 377 610 987 1597 2584 4181 6765 10946 17711 28657 46368  75025 121393 196418 317811 514229 832040 1346269 2178309 3524578 5702887 9227465
0 1 1 2 3 5 8 13 21 34 55 89 144 233 377 610 987 1597 2584
0 1 1 2 3 5 8 13 21 34 55 89 144 233 377 610
0 1 1 2 3 5 8 13 21 34 55 89 144 233 377 
0 1 1 2 3 5 8 13 21 34 55 89 144 233 377 610 987 1597 2584 4181 6765 10946
0 1 1 2 3 5 8 13 21 34 55 89 144 233 377 610 987 1597 2584 4181 6765
0 1 1 2 3 5 8 13 21 34 55 89 144 233 377 610 987 1597 2584 4181
0 1 1 2 3 5 8 13 21 34 55 89 144 233 377 610 987
0 1 1 2 3 5 8 13 21 34 55 89 144 233 377 610 987 1597